2
10
86
97
0.494602
0.129175
0.228083
0.074377
0.255474
0.609938
0.396330
0.021436
0.377315
0.152201
0.996574
0.954706
0.408197
0.804683
0.771894
0.244230
0.760537
0.325197
0.310009
0.439305
0.346541
0.134788
0.351765
0.594723
0.145467
0.978216
0.972665
0.088613
0.909178
0.293941
0.559957
0.239044
0.313591
0.516612
0.888200
0.045971
0.674573
0.264659
0.391087
0.671367
0.507184
0.789270
0.524104
0.364419
0.928001
0.113430
0.571373
0.166792
0.668338
0.018250
0.052259
0.788570
0.327057
0.277143
0.056402
0.865074
0.179828
0.528721
0.925933
0.692922
0.938015
0.052741
0.714093
0.773173
0.732688
0.201185
0.461748
0.017492
0.931329
0.317974
0.406420
0.674410
0.683206
0.276670
0.649916
0.206062
0.598765
0.885633
0.222039
0.731435
0.682357
0.925996
0.878056
0.991367
0.796717
0.935963
0.017986
0.017986
0.017986
0.017986
0.017986
0.017986
0.017986
0.017986
0.017986
0.017986
0.017986
0.017986
0.017986
0.017986
0.017986
0.017986
0.017986
0.017986
0.017986
0.017986
0.017986
0.017986
0.017986
0.017986
0.017986
0.017986
0.017986
0.017986
0.017986
0.017986
0.017986
0.017986
0.017986
0.017986
0.017986
0.017986
0.017986
0.017986
0.017986
0.017986
0.017986
0.017986
0.017986
0.017986
0.017986
0.017986
0.017986
0.017986
0.017986
0.017986
0.017986
0.017986
0.017986
0.017986
0.017986
0.017986
0.017986
0.017986
0.017986
0.017986
0.017986
0.017986
0.017986
0.017986
0.017986
0.017986
0.017986
0.017986
0.017986
0.017986
0.017986
0.017986
0.017986
0.017986
0.017986
0.017986
0.017986
0.017986
0.017986
0.017986
0.017986
0.017986
0.017986
0.017986
0.017986
0.017986
0.017986
0.017986
0.017986
0.017986
0.017986
0.017986
0.017986
0.017986
0.017986
0.017986
0.017986
0.432002
0.190351
0.917878
0.156125
0.781834
0.898369
0.725750
0.455407
0.124855
0.290310
0.916308
0.219351
0.387711
0.699103
0.294930
0.520710
0.616731
0.270282
0.467846
0.907236
0.255339
0.953314
0.838996
0.983216
0.178619
0.517888
0.227114
0.987541
0.659876
0.347439
0.479116
0.857556
0.073447
0.416205
0.138960
0.048526
0.112307
0.026032
0.477785
0.531013
0.540296
0.339643
0.958071
0.473257
0.583792
0.663126
0.526664
0.724601
0.922263
0.715901
0.919257
0.195676
0.252009
0.263704
0.682633
0.069031
0.964276
0.803384
0.226962
0.606799
0.716017
0.596329
0.797760
0.116580
0.936751
0.717990
0.853723
0.726808
0.421546
0.423500
0.005440
0.839117
0.034865
0.215013
0.013905
0.589008
0.588910
0.863308
0.382993
0.221516
0.114819
0.555585
0.864454
0.033447
0.821657
0.936303
0.041835
0.019129
0.019855
0.021678
0.020541
0.019825
0.019994
0.021601
0.020317
0.019577
0.018634
0.019335
0.018979
0.019206
0.019156
0.018872
0.019888
0.020347
0.019354
0.020619
0.020197
0.021184
0.021232
0.020521
0.021568
0.021316
0.022533
0.021681
0.023673
0.024362
0.019431
0.020394
0.020085
0.019222
0.020028
0.020414
0.020583
0.021060
0.021611
0.023430
0.022220
0.024619
0.020994
0.021300
0.021850
0.052844
0.018348
0.026963
0.022397
0.026501
0.063889
0.354514
0.071998
0.037091
0.045841
0.038270
0.707811
0.088763
0.026097
0.241199
0.019522
0.019323
0.020782
0.022275
0.018874
0.018860
0.021599
0.018931
0.019066
0.018814
0.018905
0.018901
0.020941
0.027896
0.018693
0.018396
0.019678
0.022814
0.021381
0.019976
0.024950
0.019363
0.022305
0.021485
0.020150
0.022855
0.021036
0.020938
0.022192
0.023750
0.019660
0.021245
0.020812
0.019711
0.021643
0.018712
0.020532
0.737492
0.367272
0.840344
0.255037
0.401529
0.993304
0.748620
0.706388
0.559629
0.657910
0.613238
0.902610
0.298102
0.371155
0.602379
0.059651
0.425677
0.274634
0.538544
0.759702
0.486730
0.576555
0.499892
0.909953
0.917459
0.280590
0.262877
0.600352
0.049698
0.522472
0.462692
0.954252
0.408219
0.749846
0.487043
0.412427
0.070516
0.561644
0.582109
0.239880
0.987022
0.261786
0.209088
0.515032
0.212376
0.056170
0.961135
0.646006
0.706954
0.763110
0.592968
0.346041
0.380852
0.779944
0.638740
0.208630
0.502429
0.029342
0.089793
0.475866
0.297175
0.614499
0.828144
0.565378
0.175456
0.078996
0.904489
0.950224
0.588315
0.712907
0.016534
0.224347
0.370022
0.877159
0.042130
0.165464
0.127281
0.353184
0.179268
0.987862
0.166459
0.107525
0.883689
0.273932
0.905952
0.506045
0.148375
0.024966
0.024570
0.045866
0.021632
0.021300
0.022090
0.023882
0.022003
0.020666
0.018841
0.020573
0.019632
0.019955
0.019945
0.019530
0.020832
0.023665
0.019577
0.021409
0.021976
0.023041
0.022510
0.021256
0.023763
0.023773
0.026486
0.023380
0.028106
0.031190
0.019824
0.021245
0.020882
0.019436
0.020144
0.020567
0.022491
0.023182
0.022651
0.025147
0.023032
0.027885
0.022244
0.022690
0.044271
0.190243
0.018384
0.027996
0.243277
0.024495
0.039163
0.866125
0.454407
0.525035
0.800631
0.187127
0.972595
0.150978
0.252157
0.617313
0.020264
0.019878
0.022355
0.023966
0.041565
0.025516
0.026300
0.047315
0.055103
0.036626
0.021585
0.045160
0.027911
0.094838
0.029419
0.020705
0.020575
0.024077
0.021859
0.020927
0.027594
0.019742
0.024487
0.022666
0.022018
0.026526
0.022451
0.022807
0.023714
0.025811
0.020028
0.021944
0.021852
0.019961
0.023068
0.019127
0.021468
0.235401
0.511805
0.407260
0.763391
0.471160
0.849730
0.830234
0.568186
0.292008
0.592739
0.173829
0.599697
0.458143
0.116443
0.902429
0.946456
0.594937
0.341117
0.412613
0.140887
0.405651
0.136064
0.308484
0.863974
0.317879
0.041380
0.415086
0.979969
0.638167
0.169277
0.795269
0.757968
0.037033
0.570109
0.734541
0.232603
0.772571
0.919999
0.244425
0.678182
0.985077
0.980643
0.675006
0.851996
0.892765
0.523338
0.243055
0.681652
0.051696
0.196493
0.709743
0.445799
0.957264
0.115622
0.022835
0.026348
0.913143
0.864928
0.728274
0.027284
0.955405
0.334343
0.273135
0.315927
0.170594
0.619808
0.322601
0.662247
0.277238
0.321178
0.490602
0.596364
0.130716
0.486700
0.738184
0.960592
0.140324
0.215021
0.570651
0.482663
0.533338
0.651793
0.233523
0.285807
0.476894
0.223008
0.801897
0.272144
0.229768
0.794115
0.197247
0.449305
0.571487
0.677645
0.475122
0.138159
0.031162
0.163089
0.059636
0.125967
0.122920
0.060861
0.060745
0.102418
0.135219
0.514981
0.072923
0.241979
0.743777
0.328383
0.493053
0.572421
0.904376
0.873581
0.997031
0.978349
0.279110
0.608044
0.036744
0.037979
0.031274
0.047473
0.697055
0.739088
0.054948
0.401040
0.435806
0.359656
0.183067
0.072682
0.074111
0.203963
0.018396
0.121646
0.301448
0.060135
0.116736
0.721227
0.316855
0.864858
0.547026
0.363694
0.963855
0.297573
0.113714
0.748742
0.064451
0.066178
0.049754
0.210151
0.072506
0.048168
0.237883
0.070507
0.106770
0.061177
0.034278
0.180390
0.413812
0.149527
0.113032
0.041448
0.134604
0.293633
0.077176
0.034140
0.933824
0.056130
0.870041
0.835123
0.093651
0.769419
0.478531
0.426648
0.042814
0.917000
0.023592
0.207151
0.142921
0.064086
0.191950
0.038601
0.168942
0.464742
0.242323
0.806031
0.561187
0.018585
0.420624
0.712817
0.468468
0.250993
0.815136
0.660527
0.329107
0.636446
0.539773
0.056988
0.913181
0.718910
0.292555
0.339923
0.781409
0.549643
0.002363
0.744320
0.764980
0.178513
0.189252
0.250704
0.134208
0.133880
0.674686
0.150774
0.440923
0.939030
0.862233
0.971453
0.308406
0.142557
0.455138
0.195865
0.914114
0.100398
0.776431
0.081812
0.839605
0.768376
0.978681
0.210357
0.324404
0.462176
0.681690
0.084010
0.177351
0.331502
0.344708
0.988326
0.506249
0.900272
0.313869
0.865329
0.273586
0.384263
0.158883
0.700585
0.463284
0.037130
0.663890
0.501326
0.124560
0.113893
0.359078
0.733690
0.757924
0.436821
0.685032
0.326986
0.172290
0.751502
0.361078
0.263119
0.005238
0.485114
0.346154
0.006561
0.553777
0.005271
0.773185
0.920984
0.293059
0.684054
0.988711
0.415843
0.518268
0.673048
0.865885
0.684536
0.277893
0.042893
0.256562
0.097834
0.218057
0.213149
0.091625
0.476097
0.646013
0.240022
0.890917
0.876377
0.939914
0.978670
0.806533
0.981256
0.981138
0.999222
0.992584
0.999985
0.999994
0.549219
0.947721
0.372841
0.069692
0.058029
0.096918
0.733141
0.829641
0.463223
0.981961
0.838378
0.999027
0.928079
0.869836
0.082165
0.226878
0.026357
0.259121
0.518413
0.095296
0.291539
0.990827
0.772217
0.941256
0.846585
0.889350
0.987934
0.486494
0.575180
0.795403
0.117853
0.076359
0.600061
0.916334
0.116902
0.126470
0.974175
0.089576
0.188358
0.118908
0.189268
0.226725
0.905043
0.301615
0.121429
0.061563
0.685704
0.972147
0.518485
0.434986
0.996514
0.189004
0.969545
0.949722
0.831189
0.999264
0.960237
0.979184
0.053455
0.976373
0.024639
0.686613
0.180155
0.174720
0.433648
0.040374
0.254306
0.567659
0.580878
0.352973
0.242847
0.375067
0.476916
0.365097
0.928772
0.309029
0.314484
0.170897
0.058253
0.979125
0.511750
0.775069
0.347488
0.972155
0.234209
0.525463
0.653672
0.238454
0.421299
0.485139
0.959749
0.589243
0.804131
0.500483
0.346920
0.429675
0.223596
0.250849
0.988217
0.057430
0.777478
0.643371
0.014415
0.251495
0.736587
0.191508
0.665861
0.510697
0.333128
0.380726
0.660820
0.916917
0.894172
0.052225
0.272360
0.377540
0.161214
0.497721
0.562686
0.579340
0.304601
0.807547
0.802041
0.892503
0.200776
0.472147
0.215844
0.098688
0.675636
0.727445
0.867974
0.489044
0.687292
0.702452
0.601919
0.357350
0.420177
0.193763
0.051702
0.337516
0.081260
0.546511
0.272662
0.958916
0.019801
0.915963
0.177156
0.706688
0.018943
0.865739
0.849252
0.228183
0.918962
0.952923
0.317861
0.705192
0.991578
0.594933
0.589804
0.709345
0.912553
0.673680
0.303513
0.048117
0.262247
0.112197
0.191050
0.188595
0.100610
0.544047
0.727314
0.276431
0.915861
0.894843
0.950665
0.983009
0.840243
0.986254
0.984833
0.999363
0.994030
0.999987
0.999994
0.558109
0.949606
0.372848
0.069693
0.086218
0.151058
0.781708
0.896861
0.693370
0.990055
0.920885
0.999535
0.985949
0.990049
0.088675
0.315541
0.027563
0.314605
0.570201
0.094937
0.251158
0.973294
0.454295
0.945191
0.943590
0.839167
0.995659
0.622637
0.652988
0.909799
0.229020
0.135410
0.831311
0.946017
0.129331
0.142761
0.995716
0.103221
0.196169
0.128891
0.199212
0.231923
0.979137
0.434960
0.136537
0.061570
0.724856
0.993531
0.567576
0.461990
0.998428
0.216538
0.978903
0.958963
0.831617
0.999271
0.984423
0.986076
0.050422
0.985712
0.024872
0.906513
0.393543
0.165339
0.733642
0.067853
0.457004
0.801685
0.375641
0.739130
0.105757
0.194678
0.494355
0.147346
0.959059
0.367284
0.907486
0.350419
0.553085
0.110831
0.990966
0.170029
0.227646
0.657912
0.505141
0.946523
0.774262
0.255471
0.734074
0.109409
0.776782
0.785072
0.475605
0.488823
0.352989
0.612021
0.574142
0.898248
0.846608
0.391168
0.795221
0.108174
0.356434
0.316681
0.155081
0.020251
0.344814
0.593222
0.383071
0.584515
0.979254
0.690950
0.813423
0.670223
0.918464
0.235241
0.902589
0.585670
0.300966
0.197119
0.007395
0.654477
0.446984
0.648500
0.772607
0.200965
0.883100
0.023473
0.167803
0.779360
0.121342
0.013175
0.251932
0.638923
0.452048
0.755069
0.993049
0.642384
0.847336
0.851722
0.352113
0.631760
0.276316
0.303368
0.979865
0.413638
0.375655
0.167982
0.016116
0.807787
0.484376
0.435932
0.031995
0.948174
0.300090
0.708675
0.991963
0.657237
0.606790
0.781698
0.968276
0.803644
0.483382
0.066434
0.365441
0.172280
0.279385
0.274631
0.143409
0.554019
0.738428
0.290161
0.922695
0.899969
0.954299
0.984290
0.849349
0.987552
0.985922
0.999401
0.994509
0.999987
0.999994
0.567017
0.951444
0.372849
0.069693
0.099919
0.177484
0.789422
0.909423
0.751336
0.992450
0.960129
0.999749
0.986888
0.991163
0.088737
0.249760
0.038912
0.359417
0.531843
0.101800
0.274707
0.975454
0.501835
0.939777
0.939054
0.765334
0.982450
0.458330
0.659540
0.764029
0.293911
0.161454
0.846694
0.957676
0.121293
0.147942
0.996076
0.111324
0.210456
0.133365
0.205127
0.232236
0.980612
0.448566
0.138018
0.061571
0.727687
0.994776
0.611649
0.494890
0.999035
0.221492
0.982770
0.960375
0.831744
0.999273
0.985373
0.986464
0.060994
0.988229
0.025473
0.916573
0.477554
0.238696
0.837359
0.075144
0.564494
0.395624
0.418959
0.566774
0.540154
0.776675
0.989186
0.944340
0.746151
0.327829
0.352349
0.231389
0.543153
0.707914
0.263135
0.853034
0.819355
0.023975
0.674754
0.248470
0.302771
0.393062
0.528398
0.225303
0.130169
0.454838
0.716509
0.832503
0.617715
0.613500
0.222949
0.101830
0.521030
0.411001
0.239910
0.906793
0.094693
0.259193
0.836620
0.139497
0.621481
0.239742
0.298022
0.904850
0.539064
0.336121
0.556096
0.161447
0.458394
0.299482
0.991638
0.567391
0.872978
0.434170
0.680837
0.612934
0.623684
0.545800
0.542506
0.703715
0.702057
0.816188
0.077574
0.865614
0.215555
0.266367
0.625522
0.853848
0.815755
0.269743
0.440042
0.268722
0.746268
0.914065
0.935532
0.464852
0.251451
0.605493
0.571484
0.324058
0.494580
0.854388
0.111856
0.982299
0.022045
0.792441
0.123155
0.925813
0.314208
0.709287
0.992034
0.665227
0.620530
0.808532
0.979305
0.823532
0.537527
0.074235
0.393630
0.198203
0.286012
0.282404
0.160310
0.556110
0.740638
0.288428
0.921942
0.899436
0.953994
0.984056
0.847663
0.987688
0.985987
0.999404
0.994612
0.999987
0.999994
0.567854
0.951598
0.372849
0.069693
0.100965
0.179497
0.801634
0.917842
0.768653
0.992712
0.963693
0.999773
0.987458
0.991888
0.083320
0.442198
0.039616
0.433991
0.435790
0.104542
0.283971
0.976792
0.510949
0.943000
0.892981
0.852386
0.997282
0.695108
0.617638
0.962961
0.323504
0.176247
0.862959
0.961450
0.130880
0.139879
0.996371
0.108422
0.212313
0.133979
0.207088
0.232393
0.981098
0.375295
0.138491
0.061561
0.729416
0.995251
0.620316
0.499059
0.999100
0.224907
0.983384
0.961811
0.831788
0.999274
0.985464
0.986508
0.067005
0.989160
0.026359
0.919320
0.522885
0.245154
0.866719
0.081148
0.603941
0.347448
0.906902
0.194773
0.060937
0.805804
0.491721
0.220596
0.818765
0.732793
0.991123
0.791359
0.606913
0.054622
0.470091
0.239051
0.457523
0.293786
0.123160
0.156649
0.131823
0.566526
0.471060
0.358834
0.170470
0.321630
0.831806
0.867735
0.772546
0.306249
0.112442
0.505662
0.753456
0.065174
0.357210
0.050553
0.860147
0.593518
0.379105
0.213348
0.933301
0.331648
0.709558
0.206244
0.198153
0.310185
0.454972
0.948796
0.749315
0.842722
0.738432
0.695468
0.941936
0.588694
0.578275
0.840348
0.231278
0.517855
0.788854
0.869184
0.990939
0.720354
0.321806
0.181213
0.256929
0.736299
0.288921
0.651471
0.033690
0.445617
0.382139
0.349446
0.213007
0.671950
0.976177
0.253158
0.626166
0.347594
0.712112
0.389595
0.386677
0.703919
0.004274
0.516145
0.641990
0.925478
0.811978
0.946763
0.319263
0.709491
0.992056
0.665365
0.620232
0.811775
0.980991
0.828592
0.551854
0.076877
0.399035
0.204628
0.293264
0.288822
0.164199
0.556648
0.741197
0.292459
0.923740
0.900632
0.954876
0.984545
0.851080
0.988103
0.986416
0.999419
0.994745
0.999987
0.999994
0.568272
0.951678
0.372849
0.069693
0.101093
0.179744
0.801355
0.917804
0.776114
0.992776
0.965081
0.999780
0.987505
0.991947
0.086120
0.398962
0.042024
0.478195
0.573692
0.103855
0.289333
0.952664
0.501083
0.942508
0.936763
0.823257
0.973951
0.592691
0.645752
0.880020
0.248983
0.138775
0.869416
0.964438
0.134073
0.150921
0.996395
0.112617
0.211879
0.136562
0.211134
0.232329
0.982218
0.429727
0.137394
0.061575
0.729574
0.995325
0.623326
0.502944
0.999146
0.226283
0.983743
0.962070
0.831791
0.999274
0.985471
0.986512
0.069406
0.989458
0.026593
0.919931
0.404794
0.248044
0.784125
0.064703
0.504498
0.922207
0.499399
0.350716
0.637250
0.586118
0.468692
0.948228
0.069045
0.587541
0.709802
0.815685
0.491615
0.136917
0.503028
0.527636
0.487464
0.712908
0.243395
0.702433
0.346314
0.187916
0.076259
0.066476
0.906119
0.891079
0.254759
0.262784
0.197841
0.927820
0.970260
0.336344
0.100322
0.256556
0.783579
0.412597
0.514341
0.768985
0.972201
0.135333
0.347933
0.584137
0.159794
0.868426
0.424595
0.253067
0.793923
0.065898
0.545883
0.440364
0.693729
0.313766
0.210720
0.426264
0.053495
0.244725
0.684952
0.095523
0.571879
0.241465
0.567378
0.338921
0.780042
0.560137
0.943491
0.745840
0.922696
0.953765
0.605396
0.755770
0.477064
0.433718
0.496764
0.059168
0.967107
0.924748
0.936189
0.405809
0.826570
0.106410
0.092406
0.599397
0.679049
0.288848
0.361246
0.080456
0.868034
0.821714
0.319343
0.709562
0.992067
0.665867
0.621508
0.811779
0.980082
0.814520
0.528966
0.073439
0.389089
0.197801
0.266241
0.264667
0.159819
0.557286
0.741887
0.293013
0.923990
0.900789
0.954996
0.984622
0.851629
0.988274
0.986572
0.999424
0.994813
0.999987
0.999994
0.568455
0.951708
0.372849
0.069693
0.101103
0.179763
0.802497
0.918505
0.783838
0.992793
0.965418
0.999782
0.987543
0.991994
0.072015
0.436389
0.042089
0.486573
0.451627
0.086766
0.208528
0.974639
0.711420
0.850541
0.913943
0.913945
0.994492
0.604110
0.634900
0.957815
0.306744
0.166534
0.875186
0.967342
0.134189
0.149416
0.996412
0.110045
0.211741
0.134881
0.208244
0.232490
0.981443
0.401179
0.138963
0.061574
0.729689
0.995357
0.624076
0.504127
0.999161
0.227040
0.983877
0.962265
0.831791
0.999274
0.985473
0.986512
0.065141
0.988895
0.026554
0.919520
0.495870
0.229004
0.849126
0.078314
0.573067
10
86
97
0.828065
0.281548
0.556149
0.414244
0.134311
0.103366
0.227028
0.426041
0.678077
0.135789
0.784010
0.253428
0.216592
0.450007
0.389200
0.132058
0.632302
0.356958
0.062948
0.494547
0.435930
0.841288
0.675938
0.020285
0.714840
0.400204
0.157499
0.585491
0.101793
0.673890
0.683361
0.456706
0.579859
0.324679
0.041494
0.987070
0.382351
0.572685
0.607804
0.634992
0.648482
0.316185
0.032362
0.051542
0.270590
0.082264
0.055004
0.821588
0.453784
0.701059
0.893932
0.575114
0.504745
0.128321
0.858223
0.096615
0.395011
0.178274
0.631023
0.030339
0.076541
0.159438
0.334235
0.260904
0.040140
0.260697
0.600146
0.843289
0.574566
0.082868
0.891717
0.570920
0.482324
0.873431
0.089223
0.272762
0.919696
0.353928
0.224905
0.861555
0.718283
0.761425
0.816919
0.581239
0.696744
0.303986
0.017986
0.017986
0.017986
0.017986
0.017986
0.017986
0.017986
0.017986
0.017986
0.017986
0.017986
0.017986
0.017986
0.017986
0.017986
0.017986
0.017986
0.017986
0.017986
0.017986
0.017986
0.017986
0.017986
0.017986
0.017986
0.017986
0.017986
0.017986
0.017986
0.017986
0.017986
0.017986
0.017986
0.017986
0.017986
0.017986
0.017986
0.017986
0.017986
0.017986
0.017986
0.017986
0.017986
0.017986
0.017986
0.017986
0.017986
0.017986
0.017986
0.017986
0.017986
0.017986
0.017986
0.017986
0.017986
0.017986
0.017986
0.017986
0.017986
0.017986
0.017986
0.017986
0.017986
0.017986
0.017986
0.017986
0.017986
0.017986
0.017986
0.017986
0.017986
0.017986
0.017986
0.017986
0.017986
0.017986
0.017986
0.017986
0.017986
0.017986
0.017986
0.017986
0.017986
0.017986
0.017986
0.017986
0.017986
0.017986
0.017986
0.017986
0.017986
0.017986
0.017986
0.017986
0.017986
0.017986
0.017986
0.892133
0.070328
0.223182
0.519674
0.214652
0.185454
0.304921
0.944543
0.268505
0.195463
0.861221
0.761316
0.388760
0.915523
0.393555
0.899224
0.367882
0.740761
0.956198
0.122160
0.071769
0.610747
0.235900
0.394747
0.022684
0.606681
0.876958
0.114143
0.554777
0.700925
0.161707
0.531482
0.428592
0.707863
0.513168
0.182025
0.429908
0.123032
0.002374
0.379444
0.970306
0.743275
0.981440
0.061747
0.452160
0.745548
0.594167
0.163110
0.028072
0.572800
0.631317
0.269906
0.849264
0.010713
0.850124
0.701979
0.956461
0.430443
0.247405
0.375176
0.901051
0.478833
0.872240
0.714664
0.629935
0.404176
0.298020
0.942330
0.454595
0.675217
0.689643
0.058878
0.944822
0.165892
0.982635
0.397168
0.240273
0.920505
0.633429
0.481087
0.322644
0.502506
0.343684
0.850718
0.488577
0.816600
0.034498
0.019129
0.019855
0.021678
0.020541
0.019825
0.019994
0.021601
0.020317
0.019577
0.018634
0.019335
0.018979
0.019206
0.019156
0.018872
0.019888
0.020347
0.019354
0.020619
0.020197
0.021184
0.021232
0.020521
0.021568
0.021316
0.022533
0.021681
0.023673
0.024362
0.019431
0.020394
0.020085
0.019222
0.020028
0.020414
0.020583
0.021060
0.021611
0.023430
0.022220
0.024619
0.020994
0.021300
0.022920
0.030171
0.018348
0.026963
0.019845
0.018887
0.021509
0.033365
0.024062
0.020847
0.057981
0.025656
0.031847
0.025688
0.028148
0.028999
0.019522
0.019323
0.020782
0.022275
0.018874
0.018860
0.021599
0.018931
0.019066
0.018814
0.018905
0.018901
0.020941
0.032482
0.018693
0.018396
0.019678
0.022814
0.021381
0.019976
0.024950
0.019363
0.022305
0.021485
0.020150
0.022855
0.021036
0.020938
0.022192
0.023750
0.019660
0.021245
0.020812
0.019711
0.021643
0.018712
0.020532
0.784901
0.535964
0.035792
0.332772
0.418390
0.800303
0.188811
0.732556
0.355622
0.582534
0.898724
0.650742
0.965453
0.429441
0.435004
0.820837
0.801557
0.994040
0.768126
0.798735
0.183153
0.370200
0.022751
0.559690
0.628548
0.956186
0.368835
0.079921
0.016058
0.937989
0.691740
0.720271
0.582256
0.588471
0.223099
0.783174
0.800080
0.777930
0.116306
0.122438
0.476723
0.889846
0.413088
0.611449
0.338840
0.869648
0.431446
0.158692
0.997163
0.547804
0.902753
0.669175
0.256517
0.849670
0.952668
0.298522
0.331296
0.873335
0.032727
0.561702
0.443956
0.354064
0.094435
0.084303
0.985477
0.472012
0.185029
0.713689
0.364862
0.883666
0.478768
0.977785
0.530078
0.044572
0.200200
0.357975
0.814295
0.337864
0.289192
0.652367
0.357006
0.271336
0.858736
0.358481
0.131854
0.104353
0.170714
0.022988
0.022710
0.043633
0.020880
0.020182
0.021779
0.024716
0.023678
0.021644
0.018927
0.021867
0.020178
0.020699
0.020741
0.020129
0.020832
0.022424
0.019774
0.021686
0.022124
0.023276
0.023127
0.021898
0.024353
0.024393
0.026799
0.023602
0.029211
0.032556
0.019824
0.021245
0.020882
0.019436
0.020144
0.020567
0.021043
0.021600
0.022445
0.024902
0.023032
0.027885
0.022316
0.022794
0.029675
0.122091
0.018384
0.029051
0.255141
0.037312
0.105214
0.671034
0.290867
0.381241
0.668528
0.267444
0.946953
0.245595
0.197493
0.579177
0.020022
0.019690
0.022015
0.023794
0.031128
0.037583
0.022988
0.036214
0.035418
0.030122
0.020849
0.034892
0.031843
0.042821
0.026537
0.019777
0.020575
0.024077
0.021859
0.020927
0.026293
0.019737
0.023311
0.022575
0.020838
0.024266
0.021829
0.021817
0.022624
0.024767
0.019741
0.021692
0.021507
0.019945
0.022624
0.018977
0.021171
0.194893
0.493609
0.157003
0.869198
0.632388
0.043111
0.107606
0.751296
0.389502
0.790591
0.707776
0.731406
0.873857
0.006818
0.391806
0.485124
0.371598
0.153097
0.528660
0.196527
0.036206
0.297687
0.892069
0.123913
0.748970
0.286302
0.897425
0.384057
0.896661
0.934620
0.722135
0.658172
0.204392
0.437492
0.677574
0.951185
0.939998
0.760561
0.922478
0.350161
0.309495
0.071579
0.202085
0.918640
0.314138
0.859739
0.251204
0.005359
0.578576
0.462467
0.001844
0.715736
0.208519
0.692076
0.724821
0.227888
0.710237
0.104703
0.554762
0.787394
0.708533
0.039311
0.468590
0.462608
0.983231
0.877476
0.048722
0.203455
0.614289
0.650656
0.675091
0.998634
0.606940
0.134621
0.758319
0.937017
0.117546
0.373704
0.220774
0.029717
0.399959
0.455871
0.016400
0.409300
0.272393
0.836737
0.870688
0.272962
0.219298
0.747208
0.187200
0.418241
0.405171
0.394365
0.131746
0.055275
0.027285
0.071677
0.035090
0.057248
0.052839
0.036653
0.053584
0.087083
0.097343
0.392121
0.054943
0.178622
0.531433
0.160659
0.305452
0.363167
0.816056
0.756469
0.986997
0.964873
0.172470
0.445213
0.033805
0.035078
0.029739
0.044521
0.650866
0.703214
0.052364
0.336436
0.427617
0.334108
0.173599
0.070629
0.087510
0.188940
0.018393
0.107975
0.372953
0.061504
0.142346
0.931222
0.539275
0.886029
0.917261
0.645861
0.982652
0.377928
0.601761
0.712086
0.043879
0.044344
0.048299
0.213994
0.074624
0.061395
0.270704
0.071493
0.097348
0.080804
0.041255
0.197990
0.440123
0.279045
0.123519
0.061252
0.129466
0.293673
0.072429
0.034479
0.869849
0.050362
0.806231
0.776478
0.084408
0.702049
0.439672
0.359951
0.037821
0.881647
0.021963
0.160102
0.077810
0.044234
0.098533
0.030390
0.087779
0.305933
0.174861
0.382040
0.803203
0.820054
0.278857
0.930422
0.356900
0.207474
0.387232
0.729842
0.858708
0.981508
0.123112
0.497589
0.362261
0.037549
0.982621
0.547299
0.906726
0.031585
0.139420
0.937330
0.769830
0.356619
0.516924
0.005403
0.492952
0.809603
0.804827
0.173133
0.648153
0.656312
0.182579
0.780844
0.526535
0.213676
0.865304
0.283480
0.132012
0.905399
0.838783
0.834979
0.891272
0.299636
0.727484
0.658953
0.403250
0.854808
0.955943
0.066340
0.159730
0.098392
0.376644
0.255401
0.752205
0.740982
0.788221
0.799304
0.101384
0.656301
0.337589
0.002042
0.637047
0.059874
0.291693
0.840637
0.858993
0.549039
0.673825
0.350453
0.600351
0.692667
0.346023
0.683152
0.788740
0.340145
0.836030
0.651455
0.909492
0.497211
0.604016
0.932551
0.980570
0.774614
0.520992
0.939156
0.309379
0.679853
0.987855
0.370441
0.506211
0.589187
0.751684
0.512394
0.176574
0.036816
0.164895
0.070156
0.154551
0.149052
0.066907
0.451439
0.614731
0.189631
0.846348
0.853775
0.919146
0.963946
0.722017
0.966672
0.969662
0.998892
0.989504
0.999980
0.999992
0.529314
0.943853
0.372824
0.069690
0.052059
0.085630
0.727417
0.815810
0.395143
0.976872
0.823269
0.998919
0.907015
0.815157
0.083061
0.293531
0.026329
0.222711
0.599957
0.102363
0.248896
0.979051
0.776382
0.954366
0.890983
0.867986
0.968703
0.411792
0.595436
0.821932
0.088540
0.072627
0.468477
0.914371
0.126981
0.142752
0.966361
0.098002
0.180788
0.127985
0.185289
0.230682
0.902107
0.334281
0.133536
0.061565
0.603719
0.961649
0.504030
0.430547
0.995188
0.180566
0.965051
0.947977
0.830994
0.999261
0.950600
0.977099
0.050999
0.972066
0.024463
0.605133
0.165743
0.114802
0.308732
0.039522
0.218167
0.077345
0.173774
0.019406
0.616443
0.657333
0.637779
0.482959
0.828428
0.541723
0.882713
0.982476
0.633771
0.522439
0.258261
0.539178
0.093406
0.947028
0.511372
0.153188
0.217372
0.280158
0.261626
0.624943
0.966812
0.303971
0.408988
0.835733
0.848414
0.292703
0.970959
0.853059
0.978065
0.620079
0.747631
0.871721
0.152804
0.847424
0.032633
0.112527
0.354695
0.784691
0.028432
0.019752
0.375821
0.586860
0.808979
0.732455
0.047750
0.732385
0.094546
0.967425
0.947400
0.588936
0.029944
0.525674
0.998719
0.401657
0.252845
0.495370
0.330773
0.903307
0.940062
0.440953
0.126403
0.508311
0.997941
0.259849
0.787094
0.173877
0.838182
0.293137
0.978522
0.870766
0.225323
0.952102
0.791384
0.283053
0.930207
0.429680
0.072425
0.879548
0.340254
0.515301
0.480826
0.619096
0.558725
0.958693
0.309465
0.703811
0.991401
0.580095
0.586938
0.696078
0.899723
0.668834
0.293893
0.046879
0.253397
0.107256
0.197574
0.194102
0.096816
0.540668
0.723543
0.259428
0.906636
0.889359
0.945845
0.980888
0.825968
0.984286
0.983062
0.999320
0.993553
0.999986
0.999994
0.553503
0.948637
0.372848
0.069693
0.083207
0.145247
0.780957
0.894394
0.615178
0.984685
0.900722
0.999395
0.984634
0.988135
0.086285
0.459135
0.027070
0.304573
0.634260
0.102691
0.297047
0.967124
0.768905
0.955319
0.931620
0.768433
0.991630
0.410952
0.637803
0.963427
0.219033
0.129752
0.807394
0.943661
0.123828
0.149490
0.994910
0.104787
0.191889
0.138056
0.201323
0.231077
0.976407
0.408787
0.132795
0.061574
0.720828
0.992026
0.554315
0.459170
0.998321
0.214480
0.978262
0.958033
0.831580
0.999270
0.984359
0.986045
0.052467
0.986133
0.024816
0.906111
0.373290
0.172418
0.716879
0.064794
0.443153
0.571267
0.666235
0.723719
0.962027
0.664992
0.531846
0.411113
0.985170
0.768191
0.269077
0.594786
0.848404
0.708547
0.657775
0.988349
0.262250
0.004784
0.128842
0.329720
0.949858
0.438895
0.998192
0.483000
0.754359
0.108619
0.012461
0.487370
0.801217
0.785323
0.689748
0.601253
0.273102
0.496601
0.602861
0.604655
0.326937
0.322490
0.515786
0.476356
0.984573
0.275732
0.975549
0.109382
0.636110
0.336872
0.186280
0.828159
0.242221
0.364440
0.591923
0.530414
0.614355
0.963158
0.443335
0.513960
0.748548
0.093416
0.629709
0.946483
0.942952
0.514157
0.846540
0.244935
0.668761
0.174605
0.511795
0.021300
0.373736
0.227538
0.823803
0.641151
0.985025
0.344399
0.489976
0.988716
0.944909
0.417788
0.309817
0.808784
0.849626
0.029125
0.878366
0.405672
0.429135
0.751780
0.024933
0.905943
0.307099
0.708453
0.991936
0.655245
0.603498
0.780741
0.968517
0.797825
0.479051
0.066279
0.361029
0.171844
0.270885
0.266849
0.142751
0.552982
0.737313
0.287701
0.921553
0.899277
0.953723
0.984025
0.847254
0.987381
0.985779
0.999398
0.994485
0.999987
0.999994
0.566136
0.951258
0.372849
0.069693
0.099829
0.177311
0.786527
0.907698
0.743949
0.992019
0.931322
0.999560
0.986741
0.990967
0.073115
0.451898
0.038862
0.355088
0.594170
0.108691
0.294504
0.988742
0.766778
0.929158
0.888869
0.850706
0.996605
0.527935
0.607799
0.964514
0.214950
0.121320
0.832078
0.957991
0.125294
0.150107
0.995970
0.106186
0.208662
0.139310
0.208732
0.232205
0.979482
0.363192
0.137075
0.061577
0.727159
0.994572
0.606078
0.491617
0.998967
0.220312
0.982292
0.960081
0.831733
0.999273
0.985351
0.986453
0.058865
0.987805
0.025240
0.915760
0.343803
0.228359
0.721495
0.058444
0.440507
0.131086
0.547378
0.420984
0.332683
0.315673
0.336218
0.221610
0.947861
0.883068
0.525035
0.189089
0.238312
0.999660
0.545755
0.032363
0.382942
0.684056
0.310786
0.117306
0.208667
0.548228
0.456940
0.581916
0.783738
0.245653
0.356667
0.164102
0.376087
0.620896
0.313220
0.917705
0.528892
0.330770
0.268221
0.087949
0.211465
0.729185
0.534249
0.181830
0.299604
0.374042
0.467427
0.851133
0.753026
0.766760
0.385682
0.618548
0.076588
0.624334
0.216324
0.082922
0.821688
0.740549
0.121381
0.470665
0.653780
0.326991
0.190377
0.465432
0.534440
0.035323
0.571689
0.114991
0.510699
0.540588
0.834026
0.369701
0.226749
0.691941
0.331136
0.241257
0.829774
0.400326
0.949435
0.663198
0.429319
0.656140
0.178175
0.169265
0.798810
0.953939
0.170523
0.259337
0.728839
0.644893
0.533804
0.935574
0.328564
0.709219
0.992032
0.664823
0.620037
0.794882
0.974204
0.785329
0.483543
0.068664
0.356362
0.179361
0.245253
0.243587
0.146427
0.556120
0.740660
0.291459
0.923295
0.900337
0.954631
0.984438
0.850256
0.987948
0.986283
0.999412
0.994671
0.999987
0.999994
0.567725
0.951570
0.372849
0.069693
0.100933
0.179436
0.801236
0.917624
0.762619
0.992614
0.963356
0.999770
0.987407
0.991822
0.085435
0.303648
0.039398
0.386072
0.527949
0.110652
0.319945
0.985153
0.777455
0.946130
0.934424
0.924403
0.992635
0.522793
0.649047
0.907984
0.284930
0.155797
0.860562
0.960270
0.136151
0.148426
0.996347
0.105009
0.201229
0.140408
0.210420
0.232515
0.981694
0.433129
0.138787
0.061575
0.729250
0.995195
0.618732
0.499341
0.999095
0.224765
0.983333
0.961680
0.831788
0.999274
0.985464
0.986508
0.058666
0.987807
0.025457
0.917054
0.462212
0.217008
0.823724
0.074427
0.539593
0.550633
0.806763
0.909444
0.542989
0.861688
0.948312
0.580723
0.174240
0.698066
0.151065
0.212383
0.532303
0.183140
0.576171
0.923823
0.306365
0.644280
0.833723
0.863880
0.282429
0.425411
0.382726
0.425546
0.622287
0.006840
0.879085
0.494329
0.928375
0.340686
0.850571
0.675630
0.949283
0.088510
0.450423
0.352622
0.994175
0.270704
0.869397
0.125442
0.092857
0.977929
0.447796
0.245014
0.009574
0.164163
0.244577
0.220857
0.149832
0.224619
0.083063
0.102189
0.870766
0.257762
0.411295
0.296439
0.023093
0.586762
0.684681
0.692854
0.951706
0.057957
0.951562
0.763557
0.089211
0.490877
0.137619
0.824328
0.237608
0.406624
0.652765
0.293211
0.884996
0.095950
0.948627
0.597452
0.877212
0.209280
0.213095
0.591495
0.385520
0.288836
0.605957
0.166021
0.874354
0.896520
0.892616
0.953708
0.320484
0.709517
0.992067
0.665175
0.619874
0.799073
0.977005
0.808567
0.519238
0.073280
0.373763
0.190700
0.277452
0.273004
0.153971
0.557083
0.741674
0.292881
0.923929
0.900748
0.954971
0.984575
0.851421
0.987971
0.986293
0.999413
0.994663
0.999987
0.999994
0.568119
0.951658
0.372849
0.069693
0.101093
0.179743
0.801048
0.917636
0.776534
0.992776
0.964734
0.999777
0.987498
0.991938
0.089104
0.268351
0.042017
0.476518
0.618112
0.108246
0.306755
0.985822
0.627552
0.954984
0.952180
0.905267
0.995579
0.571536
0.665394
0.883699
0.298212
0.163471
0.875497
0.963954
0.135203
0.148442
0.996391
0.110313
0.212296
0.137386
0.209958
0.232678
0.982224
0.454773
0.139101
0.061577
0.729560
0.995319
0.623121
0.502060
0.999137
0.226012
0.983673
0.962038
0.831791
0.999274
0.985471
0.986511
0.063437
0.988706
0.026339
0.919021
0.484498
0.244103
0.843090
0.075648
0.571912
0.672943
0.756190
0.757571
0.761427
0.348810
0.015810
0.501921
0.145713
0.475584
0.435070
0.811911
0.837313
0.518330
0.246812
0.142802
0.105143
0.257048
0.293296
0.417550
0.128152
0.154122
0.636307
0.858999
0.262638
0.169753
0.608133
0.554928
0.626152
0.858617
0.293552
0.540508
0.130768
0.142904
0.613224
0.758381
0.878972
0.210612
0.723278
0.213629
0.514398
0.070882
0.943296
0.941075
0.952784
0.747372
0.145596
0.189246
0.345206
0.953088
0.153559
0.482307
0.075264
0.647210
0.121658
0.939780
0.552580
0.059709
0.042956
0.795994
0.780227
0.942256
0.768155
0.312779
0.474619
0.986331
0.720121
0.067453
0.627639
0.097544
0.093430
0.085361
0.679061
0.865213
0.292308
0.200005
0.999650
0.523414
0.433939
0.946029
0.974011
0.107482
0.029489
0.839537
0.724054
0.714524
0.450505
0.793019
0.318952
0.709579
0.992072
0.665931
0.621613
0.808415
0.979547
0.821490
0.537603
0.074744
0.391063
0.198710
0.284240
0.280502
0.160251
0.557331
0.741935
0.293087
0.924021
0.900803
0.955023
0.984632
0.851671
0.988334
0.986627
0.999427
0.994847
0.999987
0.999994
0.568547
0.951724
0.372849
0.069693
0.101103
0.179763
0.802584
0.918548
0.790369
0.992801
0.965187
0.999782
0.987537
0.991986
0.064359
0.273344
0.042069
0.467127
0.521853
0.106722
0.299400
0.956466
0.775335
0.813356
0.888962
0.911785
0.982847
0.375367
0.610326
0.885524
0.327179
0.178209
0.870844
0.969355
0.132498
0.152063
0.996396
0.110383
0.208230
0.137263
0.206837
0.232585
0.981722
0.371557
0.139078
0.061573
0.729666
0.995356
0.624277
0.503195
0.999159
0.226797
0.983863
0.962231
0.831791
0.999274
0.985473
0.986512
0.067403
0.989232
0.026488
0.919621
0.528548
0.245859
0.869926
0.081937
0.608867
