1
10
86
97
0.197422
0.315681
0.464705
0.867651
0.825797
0.669846
0.598116
0.239342
0.337406
0.641051
0.995683
0.353775
0.591190
0.924354
0.553186
0.461967
0.284197
0.000944
0.819379
0.896595
0.004535
0.736376
0.460718
0.800159
0.348655
0.027686
0.575087
0.673530
0.583736
0.828599
0.899617
0.400694
0.448710
0.115568
0.471356
0.204571
0.728611
0.687613
0.209735
0.490753
0.261927
0.101571
0.847852
0.152029
0.723187
0.899939
0.311894
0.291819
0.096471
0.702116
0.457259
0.823783
0.835477
0.541915
0.519368
0.686558
0.751718
0.054258
0.945223
0.352415
0.981869
0.123949
0.278778
0.325835
0.994538
0.240336
0.565502
0.590256
0.500604
0.964914
0.093632
0.972816
0.163523
0.728837
0.861212
0.951739
0.399416
0.981262
0.030003
0.905760
0.515147
0.240139
0.097827
0.064319
0.508674
0.687517
0.017986
0.017986
0.017986
0.017986
0.017986
0.017986
0.017986
0.017986
0.017986
0.017986
0.017986
0.017986
0.017986
0.017986
0.017986
0.017986
0.017986
0.017986
0.017986
0.017986
0.017986
0.017986
0.017986
0.017986
0.017986
0.017986
0.017986
0.017986
0.017986
0.017986
0.017986
0.017986
0.017986
0.017986
0.017986
0.017986
0.017986
0.017986
0.017986
0.017986
0.017986
0.017986
0.017986
0.017986
0.017986
0.017986
0.017986
0.017986
0.017986
0.017986
0.017986
0.017986
0.017986
0.017986
0.017986
0.017986
0.017986
0.017986
0.017986
0.017986
0.017986
0.017986
0.017986
0.017986
0.017986
0.017986
0.017986
0.017986
0.017986
0.017986
0.017986
0.017986
0.017986
0.017986
0.017986
0.017986
0.017986
0.017986
0.017986
0.017986
0.017986
0.017986
0.017986
0.017986
0.017986
0.017986
0.017986
0.017986
0.017986
0.017986
0.017986
0.017986
0.017986
0.017986
0.017986
0.017986
0.017986
0.234242
0.984806
0.187700
0.415977
0.538576
0.900397
0.286374
0.065375
0.174952
0.524441
0.129989
0.602649
0.197957
0.754193
0.642272
0.311980
0.530432
0.323819
0.491211
0.862972
0.772979
0.941849
0.334728
0.568287
0.209018
0.821969
0.110237
0.996160
0.992348
0.554108
0.801555
0.025714
0.200354
0.788703
0.221306
0.200359
0.057672
0.350205
0.919776
0.048256
0.559486
0.945906
0.583544
0.966613
0.375535
0.840167
0.923570
0.770931
0.951905
0.010716
0.115103
0.396959
0.712199
0.836170
0.655980
0.629063
0.470988
0.100562
0.991288
0.587978
0.800111
0.631667
0.867036
0.373332
0.482924
0.270595
0.654820
0.690104
0.579450
0.644349
0.668706
0.590966
0.627140
0.921430
0.379775
0.681153
0.169134
0.031064
0.863970
0.650960
0.465055
0.933863
0.539948
0.876536
0.915205
0.579065
0.024874
0.020158
0.020302
0.021328
0.019852
0.019495
0.019496
0.020698
0.020317
0.019295
0.018864
0.019300
0.018772
0.019540
0.019277
0.018739
0.019941
0.020628
0.018974
0.019778
0.019464
0.020085
0.020366
0.020017
0.020657
0.020383
0.020989
0.020496
0.021322
0.021574
0.019127
0.019804
0.019448
0.019105
0.019295
0.019626
0.020229
0.020462
0.020255
0.020850
0.019990
0.020824
0.019575
0.019694
0.028315
0.070830
0.018166
0.021215
0.020087
0.031653
0.057220
0.488966
0.444752
0.029661
0.045160
0.083870
0.198584
0.089211
0.081768
0.141130
0.018851
0.018655
0.019663
0.020251
0.019772
0.019648
0.020241
0.020441
0.019964
0.019829
0.019441
0.020174
0.021161
0.025306
0.019693
0.018606
0.018827
0.020159
0.019383
0.018911
0.020695
0.018672
0.019690
0.019461
0.018855
0.019995
0.019185
0.019161
0.020090
0.020356
0.018895
0.019376
0.019536
0.018797
0.019916
0.018338
0.019197
0.138869
0.350863
0.457117
0.267867
0.757495
0.576464
0.361674
0.699542
0.946112
0.764062
0.127154
0.834960
0.750475
0.832773
0.157806
0.809340
0.083686
0.603634
0.225575
0.125071
0.830011
0.336093
0.147227
0.563987
0.932272
0.567747
0.211418
0.177098
0.030229
0.113369
0.513154
0.621812
0.588486
0.182485
0.375797
0.550620
0.180390
0.393981
0.308396
0.680906
0.435956
0.731548
0.362457
0.731495
0.167824
0.666568
0.486499
0.059028
0.518347
0.356152
0.908529
0.528027
0.818596
0.700312
0.925587
0.636717
0.709457
0.081930
0.007613
0.709507
0.861770
0.449092
0.784878
0.412711
0.156267
0.156224
0.243455
0.942035
0.798598
0.540776
0.719661
0.047491
0.874493
0.940845
0.560003
0.238737
0.396394
0.958706
0.451919
0.412823
0.292026
0.233030
0.391211
0.954166
0.267610
0.852277
0.358613
0.038749
0.024645
0.070410
0.021203
0.021428
0.022295
0.023506
0.022917
0.020777
0.019080
0.021171
0.019614
0.020764
0.020537
0.019641
0.020517
0.021670
0.019695
0.020954
0.020347
0.021236
0.022610
0.022397
0.022924
0.022674
0.022929
0.021942
0.024354
0.025958
0.019321
0.020082
0.019585
0.019192
0.019369
0.019721
0.022755
0.023187
0.020854
0.021612
0.020365
0.021444
0.020229
0.020197
0.114025
0.479443
0.018182
0.023387
0.279920
0.160302
0.277366
0.952742
0.641914
0.570035
0.359554
0.717861
0.966224
0.281130
0.137361
0.380358
0.019317
0.019027
0.020707
0.020711
0.115259
0.063556
0.022638
0.153650
0.158113
0.106780
0.025434
0.142438
0.059723
0.214548
0.114637
0.022210
0.019030
0.020601
0.019640
0.019104
0.021447
0.018787
0.020310
0.019796
0.020055
0.022029
0.019965
0.020294
0.020393
0.020817
0.019030
0.019601
0.020207
0.018959
0.020771
0.018611
0.019806
0.525178
0.338981
0.257367
0.730538
0.839070
0.553706
0.917703
0.742752
0.010270
0.611207
0.032276
0.812971
0.024104
0.357766
0.378314
0.587281
0.467649
0.833295
0.439591
0.053026
0.984534
0.668730
0.017043
0.501421
0.251099
0.240931
0.281815
0.772537
0.066409
0.694992
0.014089
0.326667
0.425049
0.524414
0.441653
0.892725
0.463202
0.647458
0.484960
0.529829
0.214300
0.510187
0.899090
0.635743
0.842417
0.585314
0.201653
0.343065
0.843674
0.192062
0.393918
0.339616
0.772565
0.860007
0.374225
0.234694
0.030059
0.758705
0.341188
0.321690
0.508903
0.909047
0.126297
0.482597
0.753192
0.045513
0.295041
0.524007
0.907935
0.353165
0.336040
0.398797
0.792957
0.139102
0.790920
0.418889
0.590185
0.011716
0.223703
0.945843
0.201540
0.221342
0.918340
0.439518
0.579390
0.010116
0.988269
0.896761
0.692287
0.905105
0.275218
0.231837
0.238155
0.722499
0.397594
0.159041
0.030813
0.079862
0.058882
0.150714
0.156501
0.049713
0.180579
0.433733
0.115759
0.347957
0.099837
0.222210
0.303010
0.367094
0.599594
0.425296
0.507279
0.501699
0.749965
0.577577
0.067264
0.147922
0.053712
0.051539
0.038973
0.048002
0.382708
0.374514
0.093664
0.274091
0.110412
0.112930
0.090572
0.047956
0.336139
0.973895
0.018189
0.076660
0.584527
0.541088
0.885693
0.986493
0.589861
0.971682
0.567141
0.925618
0.998991
0.931214
0.758613
0.998201
0.050822
0.054495
0.034427
0.072724
0.539739
0.254841
0.117272
0.661597
0.504152
0.369931
0.046421
0.917749
0.834343
0.903551
0.750168
0.106725
0.048580
0.095105
0.069926
0.023833
0.303751
0.033710
0.205905
0.147350
0.029874
0.078805
0.048045
0.046583
0.033080
0.104131
0.023281
0.042904
0.105161
0.056595
0.131201
0.033431
0.126255
0.273641
0.957695
0.479849
0.578622
0.789199
0.625618
0.213158
0.105569
0.796113
0.396865
0.780662
0.159308
0.210466
0.833268
0.500925
0.298594
0.124172
0.409034
0.886770
0.858391
0.106291
0.491585
0.040475
0.652173
0.298460
0.858859
0.270901
0.212416
0.157405
0.791021
0.016274
0.200289
0.657470
0.852902
0.282451
0.336465
0.759250
0.347849
0.764175
0.706174
0.928916
0.496939
0.592054
0.034301
0.879774
0.933565
0.273582
0.952666
0.153101
0.038631
0.115771
0.969214
0.993640
0.186686
0.860821
0.646487
0.436922
0.619313
0.674959
0.209946
0.708595
0.027712
0.964057
0.043933
0.854830
0.116270
0.453395
0.060292
0.709847
0.660244
0.936557
0.430612
0.118786
0.385039
0.257510
0.115415
0.390772
0.323857
0.591897
0.440422
0.835707
0.596525
0.485147
0.330814
0.578875
0.474071
0.998250
0.920960
0.909145
0.991865
0.316997
0.292804
0.344826
0.862538
0.633777
0.268897
0.043700
0.138568
0.083960
0.278145
0.268783
0.069791
0.725793
0.932583
0.219309
0.733575
0.585763
0.835832
0.874937
0.801894
0.962144
0.907944
0.980973
0.943627
0.976613
0.977107
0.190842
0.388291
0.084890
0.072992
0.048314
0.063147
0.543171
0.528211
0.580252
0.913155
0.351915
0.720156
0.531346
0.475068
0.358800
0.964170
0.019431
0.207365
0.745770
0.567819
0.898961
0.998137
0.817831
0.978561
0.817352
0.987525
0.999558
0.936467
0.872938
0.992603
0.114706
0.103843
0.252597
0.421083
0.760268
0.604113
0.817323
0.930403
0.835262
0.631569
0.382395
0.924525
0.986861
0.955516
0.756865
0.110853
0.154874
0.517073
0.252835
0.070349
0.705274
0.069926
0.423872
0.425757
0.059817
0.276344
0.114570
0.141666
0.059582
0.354869
0.028024
0.101125
0.268559
0.153730
0.440120
0.047879
0.357738
0.571164
0.793488
0.587572
0.823136
0.850889
0.370389
0.920190
0.975461
0.775189
0.355166
0.550315
0.242676
0.869507
0.028044
0.153169
0.504038
0.018336
0.466055
0.561482
0.963300
0.630691
0.175631
0.177111
0.776439
0.385133
0.002405
0.390269
0.197166
0.088634
0.036539
0.269935
0.957516
0.324461
0.934830
0.377338
0.093914
0.331660
0.666491
0.827106
0.762758
0.709452
0.578655
0.891718
0.007729
0.675145
0.810010
0.378532
0.070707
0.862896
0.007078
0.116890
0.502968
0.329409
0.195820
0.219053
0.620834
0.154424
0.277758
0.282974
0.586773
0.874375
0.506005
0.151924
0.729307
0.344231
0.052373
0.777265
0.183903
0.022564
0.095764
0.596519
0.503585
0.893762
0.120237
0.185348
0.895316
0.701773
0.277239
0.896952
0.659159
0.006256
0.158244
0.437443
0.620800
0.216798
0.389106
0.997761
0.921201
0.925253
0.994167
0.328440
0.306299
0.414200
0.928270
0.712598
0.351903
0.060926
0.190066
0.111109
0.328789
0.302447
0.089833
0.788765
0.955914
0.244443
0.767779
0.605738
0.869051
0.896369
0.821400
0.968436
0.922372
0.985311
0.952353
0.988419
0.992388
0.241321
0.551604
0.170281
0.086395
0.048927
0.064084
0.565812
0.557585
0.899837
0.975267
0.776524
0.968619
0.679565
0.742009
0.336989
0.979894
0.022497
0.348212
0.746567
0.531177
0.866321
0.997326
0.661895
0.967524
0.724857
0.985104
0.999761
0.955279
0.860170
0.996517
0.131331
0.113587
0.687110
0.873101
0.791574
0.653366
0.931184
0.954839
0.865870
0.673074
0.430807
0.924561
0.994099
0.945491
0.756887
0.110912
0.193630
0.885678
0.434408
0.187038
0.896666
0.102896
0.575265
0.541691
0.086636
0.420579
0.174660
0.215707
0.080352
0.474084
0.031918
0.159934
0.308968
0.167224
0.511061
0.051178
0.398162
0.406449
0.290755
0.665811
0.491625
0.934157
0.996714
0.927967
0.424026
0.277838
0.178664
0.800419
0.083848
0.912032
0.236125
0.724308
0.384501
0.945132
0.326125
0.275776
0.877764
0.873519
0.259265
0.817268
0.968840
0.537070
0.140601
0.417797
0.020220
0.850994
0.250234
0.156417
0.302079
0.036553
0.546161
0.254175
0.458579
0.158445
0.737042
0.433000
0.057888
0.787216
0.418499
0.878507
0.936364
0.892597
0.311647
0.539043
0.060521
0.125633
0.578100
0.795948
0.509738
0.756632
0.349858
0.171070
0.588252
0.131971
0.948076
0.951051
0.202152
0.948029
0.441931
0.933824
0.742017
0.410362
0.647033
0.528517
0.674302
0.590656
0.768401
0.807584
0.500878
0.754778
0.680372
0.997031
0.111698
0.345536
0.003878
0.866476
0.737668
0.038428
0.870363
0.071448
0.549794
0.348979
0.149779
0.997762
0.921225
0.925622
0.994218
0.340883
0.321014
0.436725
0.941589
0.735038
0.378653
0.067336
0.208010
0.120633
0.344382
0.312384
0.096781
0.790266
0.956415
0.245446
0.768953
0.606267
0.870266
0.897367
0.822652
0.968787
0.922931
0.985563
0.952963
0.989490
0.993511
0.249062
0.577011
0.189558
0.088804
0.049960
0.065666
0.594088
0.598554
0.925709
0.981506
0.851520
0.980615
0.686863
0.754451
0.352471
0.978335
0.023314
0.464149
0.746037
0.543015
0.877685
0.998800
0.878473
0.966996
0.873806
0.992782
0.999745
0.952259
0.919353
0.995832
0.133038
0.114504
0.722043
0.919218
0.793548
0.693105
0.935411
0.958969
0.868504
0.749349
0.511805
0.924571
0.994463
0.971991
0.756890
0.110925
0.194908
0.908319
0.496313
0.220587
0.937416
0.116051
0.630145
0.574037
0.099308
0.476110
0.199989
0.246233
0.131107
0.604391
0.038799
0.199606
0.315419
0.169393
0.520938
0.051385
0.402250
0.283751
0.069626
0.243031
0.372759
0.610634
0.570432
0.432011
0.604195
0.383850
0.307735
0.916711
0.917449
0.654317
0.313998
0.179315
0.713972
0.789677
0.693096
0.840340
0.857769
0.297723
0.888224
0.257699
0.150540
0.848009
0.910392
0.166001
0.018896
0.086767
0.834470
0.491556
0.624752
0.471573
0.481695
0.824443
0.108311
0.261921
0.574549
0.630039
0.226244
0.278214
0.622554
0.021905
0.325556
0.770252
0.161590
0.734978
0.969018
0.661878
0.951362
0.132719
0.131421
0.371033
0.756304
0.789362
0.493745
0.865926
0.937531
0.338031
0.265348
0.002299
0.367315
0.575733
0.280774
0.761988
0.178213
0.249747
0.076056
0.219722
0.659654
0.350836
0.070046
0.829353
0.881031
0.604163
0.610169
0.366918
0.129413
0.411006
0.273272
0.407508
0.746927
0.894292
0.544146
0.098765
0.298226
0.998457
0.921231
0.925652
0.994222
0.341783
0.320042
0.440905
0.946225
0.741533
0.389660
0.069425
0.213322
0.124736
0.346889
0.314272
0.099475
0.790410
0.956464
0.245499
0.769016
0.606301
0.870319
0.897440
0.822900
0.968857
0.922964
0.985598
0.953041
0.990018
0.994030
0.253080
0.590898
0.201331
0.090212
0.050368
0.066292
0.594503
0.602102
0.927856
0.982520
0.856822
0.981659
0.687530
0.755583
0.358253
0.968612
0.023758
0.517691
0.767030
0.570718
0.901149
0.997477
0.681681
0.979569
0.777039
0.985852
0.999669
0.937399
0.891344
0.992698
0.133507
0.114724
0.726115
0.922646
0.793962
0.686617
0.935779
0.959392
0.868801
0.732999
0.490488
0.924573
0.994486
0.957697
0.756892
0.110928
0.195025
0.910614
0.505271
0.224344
0.941861
0.118770
0.637403
0.580480
0.102637
0.490040
0.208067
0.254948
0.118052
0.584993
0.040983
0.210813
0.319423
0.169744
0.526565
0.051449
0.403119
0.656997
0.265427
0.366628
0.167074
0.107087
0.701878
0.146659
0.085156
0.726957
0.587114
0.842031
0.730481
0.086374
0.641754
0.499552
0.755042
0.316448
0.520095
0.506407
0.652613
0.942294
0.174171
0.901955
0.069637
0.806949
0.084208
0.114002
0.510024
0.038565
0.988953
0.577381
0.752344
0.603227
0.800273
0.963664
0.890892
0.044480
0.829714
0.496593
0.301107
0.819806
0.902576
0.398389
0.049280
0.410276
0.664473
0.745884
0.526912
0.872477
0.337917
0.863143
0.705860
0.997142
0.766721
0.862838
0.666237
0.374941
0.505456
0.034953
0.424075
0.339157
0.324840
0.163170
0.895214
0.087351
0.949883
0.367469
0.205659
0.081634
0.877768
0.928093
0.411591
0.271195
0.922856
0.168533
0.689272
0.023233
0.235360
0.440450
0.341220
0.586218
0.655241
0.992318
0.019479
0.416026
0.740355
0.998373
0.921236
0.925660
0.994223
0.345951
0.325438
0.441077
0.944343
0.740380
0.385042
0.068832
0.212112
0.122987
0.347461
0.314367
0.098455
0.790443
0.956475
0.245506
0.769024
0.606304
0.870327
0.897464
0.822951
0.968871
0.922976
0.985619
0.953090
0.990191
0.994216
0.254428
0.595464
0.205338
0.090681
0.050538
0.066552
0.602815
0.612385
0.928512
0.982653
0.858596
0.981949
0.687594
0.755686
0.362263
0.971932
0.023869
0.563191
0.762430
0.568529
0.899527
0.998705
0.862939
0.978659
0.813701
0.992523
0.999694
0.942397
0.913134
0.993743
0.133751
0.114896
0.727929
0.923266
0.794092
0.702544
0.935809
0.959617
0.868876
0.768552
0.534065
0.924573
0.994496
0.966179
0.756884
0.110929
0.195038
0.911009
0.506762
0.224760
0.942632
0.119176
0.638759
0.581308
0.103844
0.494954
0.210600
0.257889
0.140706
0.628427
0.041291
0.216626
0.317564
0.169930
0.524171
0.051503
0.403802
0.915061
0.466659
0.714104
0.734802
0.964382
0.050431
0.316144
0.516080
0.890886
0.870750
0.190909
0.525681
0.519921
0.477399
0.456664
0.705070
0.600876
0.169143
0.283440
0.767715
0.216393
0.281384
0.478660
0.869573
0.268954
0.574073
0.131998
0.153362
0.528711
0.755654
0.697387
0.385074
0.428074
0.609654
0.901265
0.408428
0.114232
0.668435
0.706573
0.108816
0.061910
0.368576
0.370315
0.562543
0.702026
0.504134
0.623440
0.931241
0.989812
0.429430
0.989420
0.204211
0.270819
0.969241
0.557709
0.846232
0.791298
0.024865
0.631711
0.198444
0.856670
0.493967
0.533147
0.510553
0.829235
0.445371
0.575106
0.395153
0.311357
0.227442
0.222807
0.408078
0.545974
0.743215
0.153650
0.243678
0.307863
0.666115
0.228901
0.545346
0.765100
0.702875
0.546590
0.121597
0.277691
0.210847
0.998130
0.921233
0.925661
0.994223
0.346647
0.326230
0.445792
0.947000
0.742627
0.390652
0.069833
0.214185
0.125137
0.347793
0.314700
0.099781
0.790448
0.956476
0.245507
0.769025
0.606305
0.870328
0.897468
0.822956
0.968873
0.922978
0.985616
0.953084
0.990275
0.994293
0.255113
0.597791
0.207413
0.090922
0.050585
0.066624
0.604117
0.614141
0.928714
0.982675
0.858529
0.981945
0.687607
0.755705
0.341023
0.975959
0.023927
0.588063
0.762974
0.544920
0.879472
0.998717
0.875718
0.972053
0.668490
0.992577
0.999714
0.947103
0.887466
0.995158
0.133704
0.114838
0.727103
0.923458
0.794093
0.697537
0.935803
0.959486
0.868870
0.758229
0.519502
0.924574
0.994466
0.949900
0.756878
0.110932
0.195042
0.911061
0.506927
0.224821
0.942961
0.119324
0.639359
0.581559
0.103911
0.495290
0.211154
0.258288
0.150494
0.639035
0.041911
0.219562
0.319696
0.169871
0.527032
0.051486
0.403561
