16
4
4
0
1
1
0.000000
0.000000
1
1
1
0.000000
0.000000
2
1
1
0.000000
0.000000
3
1
1
0.000000
0.000000
4
1
1
0.000000
0.000000
5
1
1
0.000000
0.000000
6
1
1
0.000000
0.000000
7
1
1
0.000000
0.000000
8
1
1
0.000000
0.000000
9
0
1
0.000000
0.000000
10
1
1
0.000000
0.000000
11
1
1
0.000000
0.000000
12
1
1
0.000000
0.000000
13
1
1
0.000000
0.000000
14
1
1
0.000000
0.000000
15
1
1
0.000000
0.000000
0
0
0
0
0
0
0
0
1
0.318431
0.000000
1
0.234296
0.000000
1
0.425973
0.000000
0
0
1
0.738719
0.000000
1
0.509408
0.000000
0
0
0
0
0
0
0
0
0
0
0
0
0
0
1
0.421463
0.000000
1
0.050537
0.000000
0
0
0
0
0
0
0
0
0
0
0
1
0.789751
0.000000
1
0.060889
0.000000
1
0.262912
0.000000
0
0
0
0
0
0
0
0
0
0
0
1
0.698175
0.000000
0
1
0.570497
0.000000
0
0
0
0
0
0
0
0
0
0
0
0
0
0
0
0
0
0
0
0
0
0
0
0
0
0
0
0
0
0
0
0
0
0
0
0
0
0
0
0
0
0
0
0
0
0
0
0
0
0
0
0
0
0
0
0
0
0
0
0
0
0
0
0
0
0
0
0
0
0
0
0
0
0
1
0.797431
0.000000
1
0.398108
0.000000
0
0
1
0.574382
0.000000
0
0
0
1
0.488841
0.000000
0
0
0
0
0
0
0
0
1
0.329029
0.000000
0
0
0
0
1
0.029185
0.000000
0
0
0
0
0
0
0
0
0
0
0
0
0
0
0
0
0
1
0.671110
0.000000
1
0.092328
0.000000
0
0
0
0
0
0
0
1
0.387183
0.000000
1
0.547403
0.000000
0
0
0
0
0
0
1
0.551980
0.000000
1
0.338899
0.000000
0
0
0
0
0
0
1
0.324512
0.000000
1
0.557528
0.000000
1
0.511847
0.000000
0
0
1
0.484584
0.000000
0
0
0
0
0
0
0
0
1
0.023281
0.000000
0
1
0.719737
0.000000
0
0
0
0
0
0
0
0
0
0
0
0
0
1
0.038211
0.000000
0
0
0
1
0.125476
0.000000
1
0.617472
0.000000
0
0
0
0
0
0
0
0
0
0
0
0
0
0
0
1
0.031028
0.000000
0
0
0
1
0.692140
0.000000
0
0
2263068377
3444442561
1162565508
3845032517
3333832921
3875188543
3904254097
2119674843
1463072523
3496322102
3303054371
2481697237
1255068705
1767160999
42813627
4101038436
3782515383
555434113
3487565454
3563196505
2665886221
3485681658
822294381
3685214187
4105255053
4207773506
2082869944
742596804
628987011
655283353
2191091725
1377971329
2774662425
2824269832
2050674172
2573313217
2374199613
3336988246
2859496286
3976117241
489164955
2232359551
1802102327
1009000490
1765464585
3271741809
3551555724
1436004127
4291301714
1042942472
2134076520
2578145141
1081888153
638541671
2841023614
3522164194
814926856
3991822766
3428137564
1422585472
44496382
24201777
4062767808
1090450712
74918865
550586140
66149253
2690736847
1359837306
2827153254
3274597247
3811894266
4164806069
487807837
2863968983
386524184
3916676591
3749483937
3797150845
1696100841
812216173
1022333241
1432490079
55693155
843885029
2895763784
993354534
1208810665
504370969
457875826
3613317392
3167565834
211494674
4230224920
93774439
2758459442
804306621
191504723
3008457653
84343211
3738285973
4084704386
2298827311
4276640652
3620442315
854582431
2015046735
3663186696
1457268644
3418509295
1788525777
7834772
845432513
1614237301
2189595048
948557945
1213115443
2364216993
3313506171
601708191
3653511986
751241690
875021763
2134979402
331187173
2405178525
555150529
3628753347
439015297
1156042217
1521160983
3253116859
597362495
2764139357
2179805196
59601446
2178380570
1543101797
3561924704
2231327156
4203205504
1579333884
2866160272
1148112402
3076451346
2589257781
3023231097
1896250743
985647041
84607311
2773091503
2044278583
1949442575
1557554287
1598860561
2757928497
2306799633
790535726
781169361
1763475202
1852278810
86886744
1108870056
2249300761
3931754936
3671979701
3082037065
3751090957
3287870859
2933884997
1807930584
987291752
4164070343
2277115903
1739771011
2863970693
1110520823
141324646
2125936051
3634940053
166021993
3840747310
2389322042
2100472835
730100247
3580666361
3557209588
498970376
2730338063
2106293359
1232607412
1502454526
3370641450
2439459906
1183028703
440053598
1130561024
3900296096
686404300
2053622430
4097673414
1119723401
2869718454
2573523428
3571172312
3643114749
972616586
3291540277
677731803
2175741170
2747291284
2894547368
570599688
37912411
1854000956
263636796
846548217
3488306071
1264434355
3587820256
3030613577
3262070871
502786802
852599037
3632819876
522010635
1024352817
932292148
3843305109
1197049549
3443861765
2737419794
524952376
110207839
177983006
843937911
1645406717
1586667942
177975969
1102642816
1904297562
3877968256
3588801033
2290487423
2187492938
1888056335
4198886856
3750423795
2407544301
4048047768
439906578
3096480030
3399105855
1828597562
143390221
1456742041
2944618290
2170787322
1536314741
684160003
1364734815
4230291465
1062474969
90642404
1932694813
795090537
679348226
1165418314
2958740612
1587744631
4152362027
1089311961
1121537252
3056514654
3243476949
3598324695
3172485730
1950086606
2843945596
1537642322
2099096409
1689727174
4858432
262714009
522458465
308739776
2864687892
2376969991
3231121227
3421611676
3772146760
2817810418
1688885887
3590578534
44972257
3811861005
2164708282
3605784428
2620153429
3828328422
1575180205
59607374
1561073282
1293429865
3844037652
3826571977
1616025716
2780819256
3432214213
2537606020
4033991930
3823209380
1689771166
190800378
2322491382
381581769
377858524
1833165451
4113033170
2412740378
504138503
2209037784
389113566
3220571042
3360746229
3810056216
1390941908
1748071412
2703155837
1668616746
3211878784
1025309906
1929805494
3873136451
681382628
2307511322
2001714351
2475112432
2097328080
1167710804
2228633962
1956106680
1658447752
2184623799
754780219
1221069121
4085853971
3445994797
620621875
2639150983
382069307
1919417719
447052478
256417294
421240757
2026201645
2808380051
2798611374
4229249354
2140149033
2808382015
2029358864
848814466
4124123547
3468769015
2705972741
618881321
475397497
1422787402
436922313
436622318
870346216
543733487
1217617128
468621201
1397806672
4037571246
900760130
4095766209
459343927
2468624989
907606428
2016811587
4155386207
2845653449
1802493217
1411376499
1967826195
671506199
501207955
2347769875
1866220754
2044839093
375746089
3813333805
2801522422
1280614910
4218711357
3327831159
2070045599
766387869
3537164549
2770756707
2553981124
2371724321
495029865
1102705717
505700848
2915303914
1497112672
3849600804
2036549034
2640066563
444536574
2762312285
2062185590
3925876912
1948514615
2567265772
2785838378
1429064564
197910994
909185450
1272992202
4199661094
3396180996
2144494710
580029403
2332238625
2932814538
4127017932
2620040047
3587939574
2275025786
2273475530
3532705291
3383525266
1583163732
3225717785
367121515
2849634073
4062520366
3087123859
2186455851
4252311144
997901428
645077904
1639147027
2130157443
3662771199
2852173647
2548560276
1183795260
2391113595
796565400
981125486
3444792536
3923847244
1044799145
1485869385
692863780
395831102
1912118171
3190659914
3212229502
3642050872
3397492838
238813166
103698010
1034369960
3849054073
3777725483
3562648115
897484545
1883949665
1999470043
3058635502
2259443889
403107404
575306443
771412408
2973416168
741149089
3653582611
383618700
202910616
267191671
2080223029
835792395
2025249450
595388592
1456333009
2215101842
2412065527
965040548
3918275697
495153739
688569341
3799753022
2427776333
1448828446
1533098431
734479801
723470189
2646001458
449677672
728000253
1155282402
2446421771
2658166663
3008385647
2314745746
2367730449
3535538314
1543075254
3420872273
3803045080
3961258689
2441910754
143284500
1936535636
3348719390
1714024325
2292145073
3645273905
1360781272
1219627562
2534079571
3048872750
4038937406
772421338
2857423842
2788894388
3609373680
2867554762
682465264
2787094490
3213353664
2367976176
2037304186
2095946397
3583700233
208156515
3739128965
2703460689
2274669957
888348371
2236710759
1442848701
538531321
816734293
2673340166
3867262187
3637475832
4217170061
2362259003
3345242515
1893900006
2635560651
2720366323
1663775504
43034595
1324811244
1028217915
2776037518
1659223891
1879917982
3781243535
3862064448
1459787706
381799905
275213286
2560712194
3226701134
952112623
2537857404
4254443474
565884519
4049289143
168106417
1323503014
3494288549
3799756658
3620743208
1464084553
786103860
3938092202
3481548470
4076498730
2063290959
2357083448
4095966174
217532125
3667447920
848276606
1719500757
2212253825
1187011045
204388202
125123527
2362278972
1289796672
870927469
2328086818
3054404225
3510260268
2283412618
2624465105
199411696
1647061052
2908976056
409924674
569519514
2385432888
4294335877
2026671449
258827369
1647082231
1875556782
3985910603
4113544062
701555377
552513137
1061082105
1155260162
305
