40
4
4
0
1
1
1.000000
0.982014
1
1
1
0.000000
0.017986
2
1
1
1.000000
0.982014
3
1
1
0.000000
0.017986
4
1
1
0.000000
0.804893
5
1
1
0.000000
0.999991
6
1
1
0.000000
0.008456
7
1
1
0.000000
0.989048
8
1
1
0.000000
0.001169
9
1
1
0.000000
0.987303
10
1
1
0.000000
1.000000
11
1
1
0.000000
0.960424
12
0
1
0.000000
0.999619
13
1
1
0.000000
0.998472
14
1
1
0.000000
0.347628
15
1
1
0.000000
0.999977
16
1
1
0.000000
0.999995
17
1
1
0.000000
1.000000
18
1
1
0.000000
0.754508
19
1
1
0.000000
0.995605
20
0
1
0.000000
0.988864
21
1
1
0.000000
0.999929
22
1
1
0.000000
0.015397
23
0
1
0.000000
0.114540
24
1
1
0.000000
0.998363
25
0
1
0.000000
0.026881
26
0
1
0.000000
0.999058
27
1
1
0.000000
0.965478
28
1
1
0.000000
0.999358
29
1
1
0.000000
0.419614
30
0
1
0.000000
1.000000
31
1
1
0.000000
0.999988
32
1
1
0.000000
0.997117
33
0
1
0.000000
0.992877
34
1
1
0.000000
0.999902
35
1
1
0.000000
0.957079
36
0
1
0.000000
0.047304
37
0
1
0.000000
0.865704
38
1
1
0.000000
0.016160
39
0
1
0.000000
0.089536
0
0
0
0
0
0
0
0
0
1
0.891075
0.982014
0
1
0.500448
0.982014
0
0
0
0
0
1
0.648468
0.982014
0
1
0.000000
0.982014
1
0.962067
0.982014
1
0.429975
0.982014
0
1
0.130811
0.982014
0
0
0
0
1
0.000000
0.982014
0
1
0.521875
0.982014
0
0
0
0
0
0
0
0
0
0
0
0
0
0
0
0
0
0
0
0
0
1
0.311867
0.017986
0
0
0
0
0
0
0
1
0.065148
0.017986
0
0
0
0
0
0
1
0.562072
0.017986
0
0
0
0
0
0
0
0
1
0.795128
0.017986
0
1
0.812336
0.017986
0
0
0
0
0
0
0
0
0
0
0
0
0
0
0
0
0
1
0.950263
0.982014
0
0
0
0
0
0
0
1
0.755916
0.982014
0
0
0
0
0
0
0
0
1
0.293418
0.982014
1
0.947455
0.982014
0
0
0
0
0
0
0
0
0
0
0
0
0
0
0
0
0
0
0
0
0
0
0
0
0
0
0
0
0
0
0
0
0
0
1
0.704641
0.017986
0
0
0
0
0
0
0
0
0
0
0
0
0
0
0
0
0
0
0
0
0
0
0
0
0
0
0
0
0
0
0
0
0
0
0
0
0
0
0
0
0
0
0
0
0
0
0
0
0
0
0
0
0
0
0
0
0
0
0
0
0
0
0
0
0
0
0
0
0
0
0
0
0
0
0
0
0
0
0
0
0
0
0
0
0
0
0
0
0
0
0
0
0
0
0
0
0
0
0
0
0
0
0
0
0
0
0
0
0
0
0
0
0
0
0
0
0
0
0
0
0
0
0
0
0
0
0
0
0
0
0
0
0
0
0
0
0
0
0
0
0
0
0
0
0
0
0
0
0
0
0
0
0
0
0
0
0
0
0
0
0
0
0
0
0
0
0
0
0
0
0
0
0
0
0
0
0
0
0
0
0
0
0
0
1
0.000000
0.001169
1
0.753157
0.001169
0
0
0
0
0
0
0
0
0
0
1
0.630628
0.001169
0
0
0
0
0
0
0
0
0
0
0
0
0
0
0
0
0
0
1
0.554906
0.987303
0
0
0
0
0
0
0
0
1
0.029317
0.987303
0
0
0
0
0
0
1
0.647051
0.987303
0
0
0
0
0
0
1
0.862642
0.987303
0
0
0
0
0
0
0
0
0
0
0
0
0
0
0
0
0
0
0
0
0
0
0
1
0.692482
1.000000
1
0.414698
1.000000
0
0
0
0
0
0
0
0
0
0
0
0
0
0
0
0
0
0
1
0.638866
1.000000
1
0.341999
1.000000
0
0
0
0
1
0.476717
1.000000
0
0
0
0
0
0
0
0
0
1
0.165302
0.960424
0
0
0
0
0
0
0
0
0
0
0
0
0
0
1
0.250880
0.960424
0
0
0
1
0.480472
0.960424
0
0
0
1
0.817034
0.960424
0
0
0
0
0
0
0
0
0
0
0
0
0
0
0
0
0
0
0
0
0
0
0
0
0
0
0
0
1
0.456734
-0.999619
0
0
1
0.222045
-0.999619
0
0
0
0
0
0
0
0
0
0
1
0.351574
-0.999619
0
0
0
0
0
0
0
0
0
0
0
0
0
0
1
0.229830
0.998472
0
0
0
0
0
1
0.903368
0.998472
1
0.494346
0.998472
0
0
0
0
0
0
1
0.515930
0.998472
0
0
0
0
0
0
0
0
0
0
0
1
0.535942
0.998472
0
1
0.023285
0.998472
0
0
0
0
0
0
0
0
0
0
0
0
0
0
0
0
0
0
0
1
0.113046
0.347628
0
1
0.824728
0.347628
0
0
0
0
0
0
0
1
0.551614
0.347628
0
1
0.648837
0.347628
0
0
0
0
0
0
0
0
0
0
0
0
0
0
0
0
0
0
0
0
0
0
0
0
0
0
0
0
0
0
0
1
0.628553
0.999977
0
0
0
0
0
0
0
0
1
0.677754
0.999977
0
0
0
1
0.802675
0.999977
0
0
0
0
0
0
0
0
0
1
0.677147
0.999995
0
1
0.586469
0.999995
0
0
0
1
0.258548
0.999995
0
0
0
0
0
0
0
0
0
0
0
0
0
1
0.174261
0.999995
0
0
0
0
0
0
0
1
0.587223
0.999995
0
1
0.178169
0.999995
0
0
0
0
0
0
0
0
0
0
0
0
0
0
0
0
0
0
0
1
0.776880
1.000000
0
1
0.870229
1.000000
0
0
0
0
0
0
0
1
0.385098
1.000000
0
0
0
0
1
0.411490
1.000000
0
1
0.767793
1.000000
0
0
0
0
1
0.599893
1.000000
1
0.708867
1.000000
0
0
0
0
0
0
0
0
0
0
1
0.005359
0.754508
0
0
0
0
0
0
0
0
1
0.268347
0.754508
0
0
0
0
1
0.405765
0.754508
0
0
0
0
0
0
0
1
0.138035
0.754508
1
0.249144
0.754508
0
0
0
0
0
0
0
0
0
0
0
0
0
0
0
1
0.685396
0.995605
0
0
0
0
1
0.401735
0.995605
0
0
0
0
0
0
0
0
0
0
0
0
0
0
0
0
1
0.242353
0.995605
0
0
0
0
1
0.099763
0.995605
0
0
0
0
0
0
0
0
0
0
0
1
0.668743
-0.988864
0
0
0
0
0
0
0
0
0
1
0.583735
-0.988864
1
0.309830
-0.988864
0
0
0
0
0
0
0
0
0
0
0
1
0.237545
-0.988864
0
0
1
0.677130
-0.988864
0
0
0
0
0
0
0
0
0
0
0
0
0
0
0
1
0.620728
0.999929
0
1
0.373914
0.999929
1
0.410284
0.999929
0
1
0.386714
0.999929
0
1
0.526614
0.999929
0
0
1
0.103616
0.999929
0
0
0
0
0
0
0
1
0.782121
0.999929
0
0
0
1
0.356910
0.999929
0
1
0.860461
0.999929
0
0
0
0
0
0
0
0
0
0
0
0
0
0
0
1
0.372422
0.015397
0
0
0
0
1
0.915312
0.015397
0
0
0
0
0
0
0
0
0
0
0
0
0
0
0
0
0
0
0
0
0
0
0
1
0.394955
0.015397
1
0.498708
0.015397
0
0
0
0
0
0
0
0
0
0
1
0.696432
-0.114540
1
0.095319
-0.114540
0
0
1
0.569758
-0.114540
0
0
0
1
0.088272
-0.114540
0
0
0
0
0
0
0
0
0
0
0
1
0.377631
-0.114540
0
0
0
0
1
0.000000
-0.114540
0
0
0
0
0
0
0
0
0
0
0
0
0
0
0
0
0
0
1
0.780033
0.998363
0
0
0
1
0.675784
0.998363
0
1
0.264673
0.998363
1
0.570000
0.998363
0
0
0
0
0
0
0
0
0
0
0
0
0
0
1
0.479470
0.998363
0
0
0
1
0.644846
0.998363
0
0
0
0
0
0
0
0
0
0
0
0
0
0
0
0
0
0
0
1
0.585163
-0.026881
0
0
0
0
0
0
0
0
1
0.974465
-0.026881
0
0
0
0
0
0
0
1
0.395314
-0.026881
0
0
0
0
0
0
0
0
0
0
0
0
0
0
0
0
1
0.630498
-0.999058
0
0
0
0
0
0
0
0
0
0
0
0
0
0
0
1
0.246593
-0.999058
0
0
1
0.197832
-0.999058
1
0.455996
-0.999058
0
0
0
0
1
0.683913
-0.999058
0
0
0
0
0
0
0
0
0
0
0
1
0.039175
0.965478
0
0
1
0.917721
0.965478
0
0
0
1
0.990928
0.965478
0
0
0
0
0
0
0
0
1
0.877165
0.965478
0
0
0
0
0
0
0
0
0
0
0
0
0
0
0
0
0
0
0
0
0
0
0
1
0.051124
0.999358
0
0
0
0
0
0
0
0
0
0
0
0
0
0
0
0
0
0
0
0
0
0
1
0.886495
0.999358
0
0
0
0
0
0
0
0
0
0
0
1
0.589490
0.419614
0
0
0
0
0
0
0
0
0
0
0
0
1
0.128898
0.419614
1
0.137189
0.419614
0
0
0
0
0
0
0
0
0
0
0
0
0
0
0
0
0
0
0
0
0
0
0
0
0
0
0
0
0
0
0
0
0
0
0
0
0
0
0
0
0
0
1
0.211020
-1.000000
0
0
0
1
0.208272
-1.000000
0
0
0
0
0
0
0
0
1
0.116158
-1.000000
1
0.486998
-1.000000
0
0
0
0
0
0
0
0
1
1.000000
0.999988
0
1
0.438748
0.999988
0
0
1
0.596226
0.999988
0
0
0
0
0
1
0.269208
0.999988
1
0.694006
0.999988
1
0.715663
0.999988
0
0
0
0
0
0
1
0.069955
0.999988
0
0
0
0
0
0
0
0
0
0
0
0
0
0
0
0
0
0
0
0
0
0
0
0
1
0.414572
0.997117
0
0
0
0
0
0
0
0
0
0
0
0
0
0
0
1
0.000000
0.997117
0
0
0
0
0
0
0
0
0
0
0
1
0.091958
0.997117
0
0
0
0
0
0
1
0.000000
-0.992877
0
0
1
0.577096
-0.992877
0
0
0
0
0
1
0.384876
-0.992877
0
0
0
0
0
0
0
0
1
0.420085
-0.992877
0
0
0
0
0
0
0
0
0
0
0
0
0
0
0
0
0
0
0
0
0
0
0
0
0
0
1
1.000000
0.999902
0
1
0.402634
0.999902
0
0
0
1
0.846705
0.999902
0
0
0
0
0
0
0
0
0
0
0
1
0.571657
0.999902
0
1
1.000000
0.999902
1
0.187263
0.999902
0
0
0
0
0
0
0
0
0
0
0
0
0
0
0
0
0
1
0.507718
0.957079
0
0
0
0
0
1
0.233146
0.957079
0
1
0.111303
0.957079
0
0
0
0
0
0
0
0
1
0.074202
0.957079
0
0
0
0
0
0
0
0
0
0
0
0
0
0
0
0
0
0
0
1
0.063821
-0.047304
1
0.287137
-0.047304
0
0
0
0
0
1
0.989577
-0.047304
0
0
1
0.576081
-0.047304
0
0
0
0
0
0
0
0
0
0
1
0.635863
-0.047304
0
0
0
0
0
0
0
1
0.246376
-0.047304
0
0
0
0
0
0
0
0
0
0
0
0
1
0.601601
-0.865704
0
0
0
0
0
0
0
1
0.924539
-0.865704
0
1
0.322634
-0.865704
0
0
0
1
0.112660
-0.865704
0
0
0
0
0
0
0
0
0
0
0
0
0
0
0
1
0.000000
-0.865704
1
0.768865
-0.865704
0
0
0
0
0
0
0
0
0
0
0
0
1
0.036060
0.016160
0
0
1
0.480882
0.016160
0
0
1
0.024311
0.016160
1
0.307695
0.016160
0
0
0
0
0
0
0
0
0
0
0
0
0
0
0
0
0
0
0
1
0.563989
0.016160
0
0
0
0
0
0
1
0.195504
-0.089536
0
1
0.594931
-0.089536
0
0
0
0
0
1
0.000000
-0.089536
0
0
1
0.117112
-0.089536
0
0
0
0
0
0
0
1
0.319829
-0.089536
0
0
0
0
0
0
0
0
0
0
0
0
0
0
4517
1408376555
508346385
3627349815
3182317717
2195881526
2160130644
2079654972
907005265
1111402112
662524410
2588740051
1250195298
1150218944
20569463
120345295
2081549487
496452536
3605638944
1290098517
3279220823
1336007919
1465134868
2512618172
2873266701
2701429485
4049993022
2574744305
509076599
2846065380
2870199948
1481353354
1009621156
2779293169
873197041
2662868247
3630483258
3100606920
638207809
1716503489
2710402866
3688569249
2300752930
555806569
3580483076
843792763
277774098
379654669
744590318
1130923174
3935246530
926137521
1371684898
83009087
1041038987
4101938573
1760446061
2263012460
3876037206
2864967181
2387142776
4039712458
1841414777
3396136804
195306321
3024837476
3822957453
3261185395
3409708966
1049618983
1518381705
1420559638
1778209532
3955709905
1571513769
3038773216
1162235964
393570307
3129425561
165248267
3842472895
1042783498
1077171215
2033879500
2396456442
1267900475
783445928
1574427934
2392392862
2449837011
2089433276
3202575117
1648256272
3112464145
782928836
1806031751
3137895407
628458919
3176274281
3349521097
1769130001
2478456803
2194329612
25291069
1553881172
422324823
3153827951
370349555
3128294437
3053495177
1006782093
2840702977
1612938311
3654336974
4233991068
1771713425
2726537810
1906651235
803882395
2977616874
296468731
5683599
2056188891
675360236
2623975734
3627196707
2877771336
137723348
420521284
2074629084
3178442128
1546403709
540458765
2119769283
2757316643
3803010325
4004089467
3871655872
3614509587
2364167049
2950831668
106814069
4242064976
3652117206
3335840271
3802598950
1853188960
3386521516
1223029768
3277330330
2250654642
2052075535
3952571290
936555348
1071550069
4087560485
859030632
2882946809
1134938525
3845404922
384005430
586779026
19083628
3968998849
715253057
145283992
147258607
3816340493
3873958856
1108844392
137258157
1232118088
448677677
3550781230
3698074500
796386483
1189529694
2312598208
1956305559
1036988681
3771298149
2352433111
2536030727
4237686507
2909615424
1222357033
88292415
994960368
1722329334
4080457790
1629845845
4137413374
1941804235
3669391682
2229247998
1255597204
1429265529
4284359135
2207249083
602871918
2886814331
1700540190
3845524998
478182095
2088521022
2622993383
3575523299
1996188328
2241837752
1763417253
694041186
70660197
625656906
324578253
2259257972
3673833895
2422783118
2164273398
451650237
3112173127
3831452942
2721673367
896303768
2109946108
3321086099
1538049711
555751838
2065426602
440246909
783223052
250561500
1577801730
1234121068
602501516
3845788547
4115271793
3388729192
805680796
3873399632
1119145150
614025963
472313764
1736174422
1907069528
3477383492
4063027031
3973344829
4172720878
600778965
2043497859
4037263915
1959745828
920279620
3353756664
1380082049
3219289794
1034398836
533398328
144260023
963014412
1062299175
911791294
2825553011
798209173
262338399
3197577803
2123809036
1152887420
416365429
1807097211
1223712117
2878165403
2635449612
2663127260
1847409473
629231503
1804644349
2002093357
2752715060
2755681872
69980804
2361230063
1075466736
1687014067
3996278220
2721805054
1845293821
932936479
2254640118
3854965076
3833438867
2234537992
718171316
2249642839
4287936072
3119756709
3519841408
3304221533
356142952
1707905905
1930274650
1250626009
3059005780
3388799226
1748519640
666469428
2920071656
2326781348
1018006147
872068472
2402986450
1519718612
496714144
1651340453
413323741
3094362008
1504554293
1114710439
4257640195
733007114
3035082953
52036482
369621904
1080874579
4259793493
2520807919
3019447139
3030716158
2510668551
1913153204
932503980
4241579294
2396184871
4290783556
210311745
3949436626
103774026
887282249
2446490735
2242059024
1857316862
4101118122
498490105
969324335
1564608551
2559284180
1764417485
1406569069
1078286725
1743607686
741966845
4237708845
1814367044
2491354494
485649236
3946588436
2888471689
577878192
2665939501
1211247534
1664301369
2118579557
1573700935
2530878414
1544321957
2940996664
2004512502
2098380706
3090709476
1122075732
3872735906
2721311007
2515971140
4209273579
3336980855
4086704132
3857708119
1924673717
1506621290
2743411673
2553723125
2360045914
1378184005
2386105098
2146799236
3726811044
1578133763
2237178528
2700718998
1974932671
2870858635
2846578204
3761645033
1892817967
2982984004
3222787922
735818050
3289049511
2394954083
3037839458
1427219034
1089534519
2441583380
3783601450
3682439659
1195663833
1479039207
654022731
3810778315
1793179674
1884020456
3162645870
1403680660
2661678515
757992385
2078919056
534441202
2538148309
1013074101
2462505899
3176582320
583234711
750993361
1755829252
366726027
3785607748
1145616868
3496399137
1347468355
2781200920
2157839168
2073387137
2887306911
3427432455
3409755119
273946108
3224640231
3102463440
775167862
2873795702
2191456247
1239705920
3827371743
1706259479
1445286326
754886138
2521247259
2923375651
1981714696
4008963137
2088142552
4170903624
4165726040
2281587916
3954940950
281876850
3270777232
3789766080
1599627417
1635521290
2390905472
1577649543
4097004747
3306097231
2248445104
4249424042
1651878979
3870800996
3446266516
2330790455
727725285
269387830
3313364169
1294034848
3455885017
3885994091
4060739549
72715328
2497484699
2364681783
3620103711
3989923179
453319588
3000189289
1859770709
1512989446
20560331
3321350227
1261974361
2782873986
2757780893
2110559015
1071498752
2550201334
2885234677
4095200580
419495838
1928608291
1900456349
2221261159
245407597
1073140276
2367865090
1467263515
4113527652
2138155723
3073087377
3558750198
3135820482
1846886572
3271188795
1076674772
2496703640
3762234301
751501003
2686918411
578526678
3654417890
3955485400
3157604651
2735362217
2473710871
1560392705
4163870983
1271054225
4081268596
735434172
3258844903
138754501
3515228604
3087866460
4086853707
3011324323
2904432893
4247956276
948680296
2849616677
1653635951
994154500
2597964430
132023392
837318119
326819966
79619150
3628035852
530718992
2387127155
2821078288
106203855
2515661805
954466827
3990546224
2406314299
4082480301
949603328
3495344384
3340224771
3108838062
1940018760
27031619
2916306133
145111181
3571165591
614721442
3430961017
2434265122
1222291164
53228858
2123189260
1275691083
3735720736
3122656066
977304098
3884042545
3244524200
3980643802
2671287371
1917921000
500917032
2933399613
751603136
3770122543
3913153704
2098332062
1743963619
2216496460
2076043418
3125908803
1679797350
754375352
1560358229
555132202
214823162
2601858189
3591767679
4221743629
431663255
222357432
3987034415
3306410996
3926774571
2153642629
2019918486
464478148
209116012
4207858286
2582978395
1320227513
20099218
712702695
818960128
824618834
637530371
3270089220
768950762
2002354752
2025057406
68312286
3467841803
1875544481
2447736681
3277376226
3221244222
16217688
888886797
182
